11 
15 
13 
11 
11 
8 
29 
12 
13 
16 
10 
20 
8 
12 
11 
22 
14 
16 
32 
33 
8 
8 
8 
8 
13 
16 
9 
13 
8 
14 
14 
10 
17 
12 
12 
15 
19 
13 
28 
11 
12 
12 
12 
10 
17 
21 
10 
8 
14 
8 
11 
15 
12 
26 
12 
9 
11 
14 
18 
14 
14 
16 
10 
15 
10 
11 
8 
23 
22 
15 
18 
29 
14 
11 
11 
10 
19 
9 
20 
16 
11 
9 
9 
9 
12 
11 
11 
10 
30 
16 
16 
18 
12 
11 
16 
11 
13 
15 
24 
13 
14 
15 
17 
7 
23 
11 
9 
13 
14 
18 
8 
8 
11 
16 
17 
16 
9 
32 
9 
20 
13 
15 
12 
16 
12 
19 
12 
10 
19 
12 
12 
9 
31 
18 
17 
15 
16 
15 
14 
22 
17 
9 
25 
12 
26 
8 
20 
21 
9 
16 
13 
22 
15 
13 
12 
22 
14 
18 
17 
6 
14 
11 
24 
11 
27 
9 
11 
8 
13 
15 
13 
13 
8 
14 
14 
11 
12 
15 
16 
41 
24 
15 
11 
14 
9 
15 
26 
12 
8 
9 
9 
30 
15 
11 
16 
24 
21 
9 
13 
6 
25 
16 
13 
12 
6 
11 
24 
8 
12 
53 
14 
24 
17 
25 
16 
19 
16 
9 
11 
14 
10 
7 
21 
10 
10 
8 
12 
15 
19 
10 
19 
23 
9 
10 
9 
10 
13 
11 
17 
11 
8 
8 
13 
10 
16 
13 
27 
12 
11 
13 
8 
8 
23 
10 
6 
11 
9 
10 
31 
11 
14 
9 
11 
8 
7 
10 
13 
17 
37 
17 
17 
10 
8 
11 
13 
11 
9 
12 
8 
25 
11 
18 
15 
17 
17 
21 
16 
23 
17 
7 
27 
20 
15 
9 
9 
14 
26 
12 
26 
14 
9 
13 
10 
17 
20 
22 
13 
12 
16 
12 
13 
18 
12 
13 
8 
12 
10 
11 
12 
15 
11 
28 
19 
14 
8 
23 
19 
8 
18 
15 
24 
15 
13 
10 
15 
16 
26 
16 
17 
10 
6 
36 
14 
22 
12 
20 
15 
8 
8 
7 
19 
12 
15 
25 
10 
10 
13 
8 
10 
12 
10 
14 
10 
17 
7 
12 
7 
13 
28 
22 
15 
19 
9 
25 
12 
17 
14 
9 
14 
29 
8 
11 
13 
16 
11 
14 
22 
17 
12 
15 
14 
15 
6 
6 
21 
14 
11 
11 
23 
33 
33 
12 
8 
8 
12 
8 
16 
7 
8 
10 
12 
17 
9 
29 
7 
10 
9 
9 
14 
13 
8 
10 
13 
7 
14 
17 
8 
18 
7 
8 
7 
13 
14 
15 
10 
8 
9 
8 
24 
12 
10 
21 
14 
8 
16 
16 
10 
8 
9 
8 
11 
9 
15 
10 
10 
12 
24 
12 
14 
17 
17 
11 
14 
9 
15 
28 
11 
11 
22 
9 
9 
10 
22 
24 
8 
12 
17 
29 
15 
9 
20 
10 
17 
8 
7 
7 
25 
17 
11 
13 
8 
9 
23 
9 
17 
12 
8 
10 
7 
20 
15 
25 
12 
16 
8 
8 
21 
10 
21 
8 
10 
12 
10 
9 
16 
19 
17 
9 
13 
6 
21 
12 
16 
13 
16 
16 
8 
14 
8 
19 
27 
14 
14 
10 
10 
13 
12 
24 
12 
9 
25 
28 
10 
14 
15 
12 
16 
24 
8 
13 
15 
16 
7 
19 
36 
10 
8 
17 
18 
19 
12 
10 
10 
13 
19 
13 
14 
11 
21 
13 
8 
26 
18 
8 
16 
14 
12 
12 
31 
9 
8 
7 
10 
25 
21 
11 
25 
11 
9 
17 
10 
9 
16 
22 
16 
14 
14 
14 
17 
14 
14 
15 
7 
11 
14 
26 
12 
22 
9 
9 
17 
23 
15 
28 
19 
11 
12 
9 
14 
15 
17 
19 
18 
17 
9 
9 
11 
8 
20 
7 
7 
10 
26 
9 
13 
14 
13 
11 
16 
19 
25 
11 
14 
20 
20 
9 
15 
18 
15 
8 
22 
17 
10 
17 
9 
13 
16 
10 
8 
18 
12 
6 
10 
25 
20 
8 
14 
18 
28 
30 
15 
12 
26 
10 
17 
12 
8 
9 
7 
13 
10 
8 
11 
8 
10 
28 
17 
22 
9 
11 
14 
10 
25 
15 
14 
17 
21 
32 
8 
11 
7 
46 
14 
9 
14 
14 
13 
32 
16 
20 
13 
9 
15 
8 
28 
6 
7 
11 
10 
24 
26 
12 
10 
9 
9 
10 
12 
15 
14 
9 
23 
17 
22 
11 
18 
24 
14 
11 
29 
16 
11 
6 
11 
19 
26 
10 
15 
14 
10 
24 
13 
22 
15 
17 
12 
26 
22 
14 
23 
6 
22 
15 
16 
23 
9 
10 
14 
23 
12 
28 
12 
10 
8 
20 
12 
13 
19 
12 
20 
22 
14 
17 
14 
11 
16 
10 
15 
17 
23 
30 
12 
10 
15 
10 
16 
21 
28 
15 
8 
11 
29 
10 
13 
9 
9 
20 
15 
10 
16 
11 
21 
15 
22 
31 
16 
16 
10 
18 
23 
16 
9 
8 
16 
8 
26 
19 
14 
10 
9 
15 
13 
12 
12 
12 
19 
18 
16 
9 
8 
18 
20 
11 
9 
12 
9 
9 
21 
21 
10 
8 
14 
10 
14 
16 
9 
15 
7 
14 
13 
17 
27 
13 
16 
15 
18 
14 
30 
10 
12 
10 
14 
19 
9 
19 
15 
19 
17 
10 
16 
13 
7 
20 
8 
10 
16 
15 
14 
15 
18 
12 
10 
8 
13 
11 
30 
18 
16 
13 
30 
23 
19 
11 
19 
13 
18 
8 
22 
11 
22 
8 
24 
19 
12 
14 
15 
25 
15 
14 
18 
15 
29 
15 
20 
14 
12 
17 
15 
26 
10 
13 
14 
21 
17 
16 
10 
13 
17 
13 
14 
7 
11 
37 
19 
8 
13 
23 
9 
9 
17 
10 
10 
14 
20 
12 
17 
15 
10 
7 
7 
6 
18 
17 
25 
13 
11 
13 
21 
21 
16 
40 
9 
34 
13 
23 
17 
8 
22 
20 
15 
14 
13 
7 
15 
31 
10 
8 
19 
10 
16 
14 
23 
18 
13 
27 
17 
14 
7 
10 
12 
10 
14 
16 
10 
7 
19 
12 
12 
23 
12 
19 
13 
14 
14 
11 
6 
23 
22 
12 
16 
7 
17 
20 
31 
21 
16 
17 
17 
9 
16 
16 
19 
10 
11 
12 
19 
12 
11 
14 
8 
10 
9 
11 
12 
8 
13 
13 
22 
10 
16 
12 
16 
14 
21 
16 
13 
18 
16 
14 
12 
8 
10 
11 
18 
12 
9 
23 
14 
10 
11 
6 
11 
8 
11 
19 
14 
8 
9 
17 
14 
23 
14 
11 
7 
15 
10 
12 
19 
8 
8 
9 
11 
19 
14 
9 
8 
14 
13 
11 
8 
23 
19 
7 
10 
12 
31 
16 
6 
11 
14 
10 
17 
18 
11 
9 
15 
7 
13 
19 
23 
10 
21 
33 
18 
13 
21 
19 
21 
12 
12 
12 
14 
16 
12 
14 
22 
23 
19 
14 
13 
9 
9 
18 
11 
9 
13 
7 
15 
8 
18 
17 
9 
13 
8 
13 
26 
9 
12 
7 
6 
9 
7 
15 
8 
15 
16 
15 
12 
11 
10 
14 
17 
19 
13 
15 
11 
6 
12 
42 
14 
19 
13 
6 
13 
13 
17 
18 
27 
15 
10 
23 
13 
16 
12 
10 
15 
13 
31 
10 
15 
7 
11 
12 
13 
12 
14 
19 
11 
12 
21 
10 
11 
11 
12 
13 
8 
14 
16 
9 
20 
20 
6 
19 
12 
19 
7 
14 
17 
10 
11 
30 
11 
25 
9 
8 
17 
9 
7 
13 
13 
15 
11 
27 
20 
11 
14 
12 
41 
18 
18 
9 
9 
13 
25 
21 
13 
9 
12 
14 
9 
41 
18 
12 
14 
9 
17 
17 
12 
13 
18 
21 
13 
7 
19 
24 
19 
6 
13 
12 
17 
20 
10 
26 
8 
13 
30 
15 
13 
14 
13 
9 
12 
15 
12 
9 
21 
9 
16 
12 
12 
16 
16 
7 
25 
14 
13 
10 
15 
13 
16 
10 
10 
13 
21 
11 
18 
20 
13 
15 
9 
22 
25 
22 
19 
8 
12 
16 
13 
24 
20 
11 
20 
12 
20 
12 
17 
7 
26 
10 
10 
19 
25 
22 
21 
17 
9 
19 
43 
24 
8 
22 
11 
11 
17 
18 
16 
9 
18 
9 
8 
9 
8 
20 
21 
16 
23 
15 
30 
32 
8 
18 
7 
11 
7 
17 
12 
11 
13 
11 
11 
11 
11 
10 
18 
10 
11 
16 
12 
12 
10 
10 
13 
9 
10 
15 
16 
9 
8 
13 
7 
19 
8 
13 
12 
9 
24 
21 
17 
10 
13 
15 
17 
11 
14 
10 
24 
12 
12 
16 
9 
12 
8 
14 
13 
11 
7 
19 
7 
17 
13 
25 
9 
11 
10 
13 
14 
17 
8 
7 
9 
16 
6 
9 
21 
6 
16 
10 
29 
8 
13 
9 
17 
7 
21 
6 
9 
11 
8 
7 
10 
41 
14 
10 
12 
18 
11 
9 
14 
32 
12 
11 
25 
19 
8 
20 
11 
12 
20 
21 
25 
13 
18 
14 
24 
39 
24 
13 
6 
23 
9 
14 
10 
10 
10 
11 
16 
18 
13 
28 
31 
18 
8 
12 
17 
12 
19 
7 
20 
20 
10 
20 
14 
7 
12 
37 
6 
16 
22 
10 
13 
12 
22 
14 
13 
34 
19 
12 
10 
6 
16 
34 
12 
8 
23 
13 
6 
17 
9 
24 
21 
13 
15 
22 
9 
10 
14 
23 
10 
6 
12 
12 
10 
30 
14 
11 
20 
26 
11 
8 
7 
19 
13 
16 
12 
11 
37 
18 
18 
9 
29 
9 
9 
7 
7 
16 
16 
6 
13 
13 
15 
11 
15 
11 
18 
28 
15 
10 
15 
12 
12 
9 
12 
25 
21 
8 
10 
28 
20 
11 
11 
8 
13 
13 
21 
16 
12 
21 
8 
21 
29 
14 
14 
11 
15 
20 
16 
29 
16 
13 
22 
10 
9 
8 
10 
7 
7 
19 
16 
23 
8 
23 
7 
11 
7 
11 
11 
39 
11 
9 
19 
9 
7 
11 
11 
26 
11 
17 
13 
8 
48 
11 
21 
15 
8 
9 
14 
13 
13 
14 
18 
14 
8 
13 
10 
12 
21 
24 
19 
10 
16 
14 
14 
14 
8 
28 
9 
38 
10 
26 
11 
15 
10 
33 
17 
14 
12 
17 
7 
8 
10 
37 
9 
14 
22 
9 
12 
12 
11 
35 
15 
15 
11 
13 
7 
16 
9 
12 
9 
10 
19 
20 
20 
7 
24 
10 
7 
11 
9 
7 
15 
12 
19 
13 
12 
10 
8 
7 
14 
11 
10 
7 
8 
25 
21 
10 
17 
31 
13 
8 
12 
16 
18 
21 
21 
17 
26 
42 
9 
14 
10 
9 
15 
12 
10 
13 
12 
15 
17 
7 
17 
15 
13 
11 
20 
6 
26 
13 
20 
14 
15 
7 
14 
19 
11 
16 
17 
23 
13 
46 
8 
13 
11 
16 
14 
12 
30 
17 
15 
24 
16 
17 
9 
23 
19 
12 
10 
16 
17 
13 
16 
15 
8 
13 
13 
37 
11 
7 
13 
16 
12 
8 
12 
8 
11 
16 
59 
33 
12 
29 
7 
14 
35 
12 
26 
15 
6 
16 
12 
27 
18 
15 
8 
9 
16 
10 
12 
12 
9 
27 
24 
8 
25 
16 
15 
10 
9 
27 
14 
15 
16 
9 
13 
13 
8 
11 
22 
15 
19 
24 
17 
14 
9 
9 
16 
16 
8 
11 
17 
13 
19 
7 
14 
21 
10 
16 
9 
12 
14 
17 
9 
12 
15 
11 
8 
11 
14 
11 
17 
11 
28 
11 
13 
29 
17 
20 
18 
16 
11 
16 
13 
10 
19 
13 
12 
12 
9 
10 
18 
16 
12 
13 
8 
16 
15 
8 
9 
20 
11 
10 
12 
10 
7 
13 
6 
11 
17 
12 
10 
13 
13 
12 
8 
12 
12 
12 
15 
10 
13 
14 
10 
18 
7 
7 
8 
21 
23 
10 
7 
10 
35 
26 
23 
17 
19 
8 
9 
14 
23 
19 
41 
10 
12 
10 
20 
15 
6 
9 
14 
16 
46 
15 
15 
24 
23 
12 
13 
7 
18 
19 
8 
15 
11 
16 
6 
13 
25 
6 
18 
19 
17 
8 
12 
14 
18 
8 
11 
12 
26 
15 
15 
9 
